['Block_rows-antes do cohort', [    block_index  t_start_s   rms_counts  ...  prof_beta  prof_gamma_low  subject_id
0             0        0.0  2463.464380  ...   0.061976        0.023107    02010001
1             1       20.0  1774.086664  ...   0.058868        0.024045    02010001
2             2       40.0  1373.007562  ...   0.065903        0.023835    02010001
3             3       60.0  1139.841697  ...   0.060223        0.019429    02010001
4             4       80.0   987.936636  ...   0.062997        0.022852    02010001
5             5      100.0   892.999571  ...   0.065318        0.021696    02010001
6             6      120.0   851.506454  ...   0.060699        0.022975    02010001
7             7      140.0   826.817085  ...   0.057368        0.021891    02010001
8             8      160.0   788.564317  ...   0.055652        0.023542    02010001
9             9      180.0   779.473582  ...   0.056261        0.022548    02010001
10           10      200.0   767.187731  ...   0.059543        0.021697    02010001
11           11      220.0   764.485379  ...   0.057528        0.025188    02010001
12           12      240.0   751.509595  ...   0.064668        0.020867    02010001
13           13      260.0   770.045826  ...   0.057323        0.020971    02010001
14           14      280.0   764.258582  ...   0.058748        0.021957    02010001
15           15      300.0   759.461097  ...   0.056528        0.021998    02010001
16           16      320.0   756.620209  ...   0.064055        0.023255    02010001
17           17      340.0   756.101198  ...   0.062110        0.023477    02010001
18           18      360.0   739.216249  ...   0.066354        0.023281    02010001
19           19      380.0   753.651127  ...   0.066032        0.022624    02010001
20           20      400.0   758.771182  ...   0.059878        0.021517    02010001
21           21      420.0   755.591992  ...   0.053513        0.022109    02010001
22           22      440.0   748.031996  ...   0.060976        0.020621    02010001
23           23      460.0   756.110291  ...   0.064651        0.021120    02010001
24           24      480.0   756.373973  ...   0.063158        0.022165    02010001
25           25      500.0   760.179523  ...   0.058523        0.022128    02010001
26           26      520.0   758.480603  ...   0.058177        0.021878    02010001
27           27      540.0   757.014225  ...   0.064347        0.023466    02010001
28           28      560.0   761.106505  ...   0.054325        0.024544    02010001
29           29      580.0   761.938811  ...   0.060708        0.020259    02010001
30           30      600.0   755.407582  ...   0.066457        0.020343    02010001
31           31      620.0   753.741540  ...   0.062058        0.020403    02010001
32           32      640.0   756.019239  ...   0.066313        0.022286    02010001
33           33      660.0   746.420888  ...   0.057677        0.022108    02010001

[34 rows x 11 columns],     block_index  t_start_s   rms_counts  ...  prof_beta  prof_gamma_low  subject_id
0             0        0.0  2492.276451  ...   0.060938        0.021831    02010002
1             1       20.0  1802.363267  ...   0.056728        0.022591    02010002
2             2       40.0  1373.450901  ...   0.055080        0.019235    02010002
3             3       60.0  1161.221558  ...   0.056950        0.019911    02010002
4             4       80.0   993.657294  ...   0.058074        0.021087    02010002
5             5      100.0   896.610619  ...   0.059321        0.020839    02010002
6             6      120.0   836.728645  ...   0.066088        0.020937    02010002
7             7      140.0   809.399918  ...   0.061837        0.023311    02010002
8             8      160.0   805.308297  ...   0.059793        0.019287    02010002
9             9      180.0   779.890771  ...   0.053959        0.021404    02010002
10           10      200.0   758.582457  ...   0.060195        0.020657    02010002
11           11      220.0   759.323188  ...   0.064105        0.023897    02010002
12           12      240.0   762.948651  ...   0.061468        0.020750    02010002
13           13      260.0   767.830062  ...   0.059451        0.021191    02010002
14           14      280.0   756.996145  ...   0.060763        0.021853    02010002
15           15      300.0   761.842790  ...   0.059070        0.020723    02010002
16           16      320.0   757.644770  ...   0.059707        0.019944    02010002
17           17      340.0   755.420941  ...   0.063834        0.020995    02010002
18           18      360.0   768.011240  ...   0.061898        0.021783    02010002
19           19      380.0   745.675015  ...   0.054478        0.020377    02010002
20           20      400.0   761.826912  ...   0.065252        0.026906    02010002
21           21      420.0   744.802656  ...   0.073946        0.021595    02010002
22           22      440.0   754.714809  ...   0.058096        0.022700    02010002
23           23      460.0   757.591647  ...   0.052723        0.019528    02010002
24           24      480.0   757.349566  ...   0.059343        0.022028    02010002
25           25      500.0   755.458292  ...   0.066076        0.023046    02010002
26           26      520.0   767.355866  ...   0.057289        0.022737    02010002
27           27      540.0   744.847749  ...   0.061178        0.022463    02010002
28           28      560.0   751.754807  ...   0.068702        0.022238    02010002
29           29      580.0   763.039103  ...   0.065296        0.020358    02010002
30           30      600.0   757.752374  ...   0.059623        0.023571    02010002
31           31      620.0   769.778261  ...   0.056994        0.022072    02010002
32           32      640.0   751.821079  ...   0.057438        0.022691    02010002
33           33      660.0   756.314180  ...   0.055325        0.022949    02010002

[34 rows x 11 columns],     block_index  t_start_s   rms_counts  ...  prof_beta  prof_gamma_low  subject_id
0             0        0.0  2470.448216  ...   0.059806        0.023797    02020004
1             1       20.0  1807.296472  ...   0.063354        0.020560    02020004
2             2       40.0  1379.082277  ...   0.055279        0.019131    02020004
3             3       60.0  1141.171220  ...   0.055252        0.022684    02020004
4             4       80.0   983.614016  ...   0.064170        0.019939    02020004
5             5      100.0   894.830955  ...   0.062864        0.021770    02020004
6             6      120.0   850.718764  ...   0.060901        0.020899    02020004
7             7      140.0   804.037611  ...   0.057404        0.018755    02020004
8             8      160.0   794.564327  ...   0.063000        0.021645    02020004
9             9      180.0   776.352306  ...   0.064926        0.022996    02020004
10           10      200.0   773.770949  ...   0.059098        0.020095    02020004
11           11      220.0   759.670469  ...   0.059926        0.023803    02020004
12           12      240.0   764.238778  ...   0.060521        0.021563    02020004
13           13      260.0   776.335472  ...   0.061106        0.022747    02020004
14           14      280.0   755.241513  ...   0.061436        0.021443    02020004
15           15      300.0   762.320678  ...   0.061297        0.021928    02020004
16           16      320.0   766.628409  ...   0.062801        0.021464    02020004
17           17      340.0   759.305099  ...   0.059857        0.022574    02020004
18           18      360.0   758.634230  ...   0.066537        0.023522    02020004
19           19      380.0   758.481607  ...   0.057945        0.022407    02020004
20           20      400.0   761.203695  ...   0.063586        0.021064    02020004
21           21      420.0   742.264143  ...   0.064404        0.021906    02020004
22           22      440.0   764.622637  ...   0.063320        0.018316    02020004
23           23      460.0   744.016935  ...   0.067752        0.023116    02020004
24           24      480.0   748.146913  ...   0.068301        0.023515    02020004
25           25      500.0   757.661275  ...   0.060680        0.022948    02020004
26           26      520.0   757.190888  ...   0.057198        0.021912    02020004
27           27      540.0   769.346878  ...   0.060699        0.026524    02020004
28           28      560.0   757.486538  ...   0.058956        0.023723    02020004
29           29      580.0   757.926712  ...   0.055589        0.020314    02020004
30           30      600.0   754.272952  ...   0.054125        0.023814    02020004
31           31      620.0   753.681538  ...   0.066898        0.024631    02020004
32           32      640.0   753.468206  ...   0.063614        0.024055    02020004
33           33      660.0   758.725759  ...   0.054611        0.021917    02020004

[34 rows x 11 columns],     block_index  t_start_s   rms_counts  ...  prof_beta  prof_gamma_low  subject_id
0             0        0.0  2439.140790  ...   0.062899        0.021951    02020007
1             1       20.0  1801.770563  ...   0.059128        0.025118    02020007
2             2       40.0  1381.580959  ...   0.057624        0.021706    02020007
3             3       60.0  1119.435063  ...   0.055553        0.022297    02020007
4             4       80.0   988.730311  ...   0.060219        0.024957    02020007
5             5      100.0   889.346220  ...   0.059635        0.020797    02020007
6             6      120.0   840.740786  ...   0.059889        0.022338    02020007
7             7      140.0   817.844032  ...   0.061042        0.020847    02020007
8             8      160.0   787.144580  ...   0.062616        0.020309    02020007
9             9      180.0   780.615246  ...   0.066090        0.022809    02020007
10           10      200.0   766.329037  ...   0.060219        0.024046    02020007
11           11      220.0   762.897943  ...   0.060301        0.019527    02020007
12           12      240.0   753.131932  ...   0.062174        0.019016    02020007
13           13      260.0   756.613743  ...   0.062569        0.021666    02020007
14           14      280.0   758.736759  ...   0.056426        0.021774    02020007
15           15      300.0   746.677962  ...   0.067208        0.024339    02020007
16           16      320.0   755.916844  ...   0.056059        0.022613    02020007
17           17      340.0   750.809940  ...   0.070997        0.020295    02020007
18           18      360.0   748.756099  ...   0.061781        0.018710    02020007
19           19      380.0   754.713915  ...   0.059358        0.023020    02020007
20           20      400.0   744.875013  ...   0.060870        0.022499    02020007
21           21      420.0   754.113483  ...   0.061632        0.020179    02020007
22           22      440.0   745.011694  ...   0.065694        0.021720    02020007
23           23      460.0   760.259088  ...   0.061264        0.019792    02020007
24           24      480.0   755.707967  ...   0.059280        0.024447    02020007
25           25      500.0   756.860946  ...   0.061089        0.024776    02020007
26           26      520.0   755.743303  ...   0.059956        0.023169    02020007
27           27      540.0   771.689006  ...   0.057706        0.021240    02020007
28           28      560.0   756.098926  ...   0.055024        0.021057    02020007
29           29      580.0   762.650873  ...   0.064532        0.023300    02020007
30           30      600.0   766.740989  ...   0.055598        0.021279    02020007
31           31      620.0   774.094997  ...   0.055106        0.021802    02020007
32           32      640.0   761.248356  ...   0.059049        0.020691    02020007
33           33      660.0   758.219706  ...   0.058467        0.021809    02020007

[34 rows x 11 columns],    block_index  t_start_s   rms_counts  ...  prof_beta  prof_gamma_low  subject_id
0            0        0.0  2501.487390  ...   0.060816        0.025046    02020018
1            1       20.0  1809.580369  ...   0.053748        0.025141    02020018
2            2       40.0  1362.534908  ...   0.062065        0.022113    02020018

[3 rows x 11 columns]]]
['Block_rows-antes do for', [    block_index  t_start_s   rms_counts  ...  prof_beta  prof_gamma_low  subject_id
0             0        0.0  2463.464380  ...   0.061976        0.023107    02010001
1             1       20.0  1774.086664  ...   0.058868        0.024045    02010001
2             2       40.0  1373.007562  ...   0.065903        0.023835    02010001
3             3       60.0  1139.841697  ...   0.060223        0.019429    02010001
4             4       80.0   987.936636  ...   0.062997        0.022852    02010001
5             5      100.0   892.999571  ...   0.065318        0.021696    02010001
6             6      120.0   851.506454  ...   0.060699        0.022975    02010001
7             7      140.0   826.817085  ...   0.057368        0.021891    02010001
8             8      160.0   788.564317  ...   0.055652        0.023542    02010001
9             9      180.0   779.473582  ...   0.056261        0.022548    02010001
10           10      200.0   767.187731  ...   0.059543        0.021697    02010001
11           11      220.0   764.485379  ...   0.057528        0.025188    02010001
12           12      240.0   751.509595  ...   0.064668        0.020867    02010001
13           13      260.0   770.045826  ...   0.057323        0.020971    02010001
14           14      280.0   764.258582  ...   0.058748        0.021957    02010001
15           15      300.0   759.461097  ...   0.056528        0.021998    02010001
16           16      320.0   756.620209  ...   0.064055        0.023255    02010001
17           17      340.0   756.101198  ...   0.062110        0.023477    02010001
18           18      360.0   739.216249  ...   0.066354        0.023281    02010001
19           19      380.0   753.651127  ...   0.066032        0.022624    02010001
20           20      400.0   758.771182  ...   0.059878        0.021517    02010001
21           21      420.0   755.591992  ...   0.053513        0.022109    02010001
22           22      440.0   748.031996  ...   0.060976        0.020621    02010001
23           23      460.0   756.110291  ...   0.064651        0.021120    02010001
24           24      480.0   756.373973  ...   0.063158        0.022165    02010001
25           25      500.0   760.179523  ...   0.058523        0.022128    02010001
26           26      520.0   758.480603  ...   0.058177        0.021878    02010001
27           27      540.0   757.014225  ...   0.064347        0.023466    02010001
28           28      560.0   761.106505  ...   0.054325        0.024544    02010001
29           29      580.0   761.938811  ...   0.060708        0.020259    02010001
30           30      600.0   755.407582  ...   0.066457        0.020343    02010001
31           31      620.0   753.741540  ...   0.062058        0.020403    02010001
32           32      640.0   756.019239  ...   0.066313        0.022286    02010001
33           33      660.0   746.420888  ...   0.057677        0.022108    02010001

[34 rows x 11 columns],     block_index  t_start_s   rms_counts  ...  prof_beta  prof_gamma_low  subject_id
0             0        0.0  2492.276451  ...   0.060938        0.021831    02010002
1             1       20.0  1802.363267  ...   0.056728        0.022591    02010002
2             2       40.0  1373.450901  ...   0.055080        0.019235    02010002
3             3       60.0  1161.221558  ...   0.056950        0.019911    02010002
4             4       80.0   993.657294  ...   0.058074        0.021087    02010002
5             5      100.0   896.610619  ...   0.059321        0.020839    02010002
6             6      120.0   836.728645  ...   0.066088        0.020937    02010002
7             7      140.0   809.399918  ...   0.061837        0.023311    02010002
8             8      160.0   805.308297  ...   0.059793        0.019287    02010002
9             9      180.0   779.890771  ...   0.053959        0.021404    02010002
10           10      200.0   758.582457  ...   0.060195        0.020657    02010002
11           11      220.0   759.323188  ...   0.064105        0.023897    02010002
12           12      240.0   762.948651  ...   0.061468        0.020750    02010002
13           13      260.0   767.830062  ...   0.059451        0.021191    02010002
14           14      280.0   756.996145  ...   0.060763        0.021853    02010002
15           15      300.0   761.842790  ...   0.059070        0.020723    02010002
16           16      320.0   757.644770  ...   0.059707        0.019944    02010002
17           17      340.0   755.420941  ...   0.063834        0.020995    02010002
18           18      360.0   768.011240  ...   0.061898        0.021783    02010002
19           19      380.0   745.675015  ...   0.054478        0.020377    02010002
20           20      400.0   761.826912  ...   0.065252        0.026906    02010002
21           21      420.0   744.802656  ...   0.073946        0.021595    02010002
22           22      440.0   754.714809  ...   0.058096        0.022700    02010002
23           23      460.0   757.591647  ...   0.052723        0.019528    02010002
24           24      480.0   757.349566  ...   0.059343        0.022028    02010002
25           25      500.0   755.458292  ...   0.066076        0.023046    02010002
26           26      520.0   767.355866  ...   0.057289        0.022737    02010002
27           27      540.0   744.847749  ...   0.061178        0.022463    02010002
28           28      560.0   751.754807  ...   0.068702        0.022238    02010002
29           29      580.0   763.039103  ...   0.065296        0.020358    02010002
30           30      600.0   757.752374  ...   0.059623        0.023571    02010002
31           31      620.0   769.778261  ...   0.056994        0.022072    02010002
32           32      640.0   751.821079  ...   0.057438        0.022691    02010002
33           33      660.0   756.314180  ...   0.055325        0.022949    02010002

[34 rows x 11 columns],     block_index  t_start_s   rms_counts  ...  prof_beta  prof_gamma_low  subject_id
0             0        0.0  2470.448216  ...   0.059806        0.023797    02020004
1             1       20.0  1807.296472  ...   0.063354        0.020560    02020004
2             2       40.0  1379.082277  ...   0.055279        0.019131    02020004
3             3       60.0  1141.171220  ...   0.055252        0.022684    02020004
4             4       80.0   983.614016  ...   0.064170        0.019939    02020004
5             5      100.0   894.830955  ...   0.062864        0.021770    02020004
6             6      120.0   850.718764  ...   0.060901        0.020899    02020004
7             7      140.0   804.037611  ...   0.057404        0.018755    02020004
8             8      160.0   794.564327  ...   0.063000        0.021645    02020004
9             9      180.0   776.352306  ...   0.064926        0.022996    02020004
10           10      200.0   773.770949  ...   0.059098        0.020095    02020004
11           11      220.0   759.670469  ...   0.059926        0.023803    02020004
12           12      240.0   764.238778  ...   0.060521        0.021563    02020004
13           13      260.0   776.335472  ...   0.061106        0.022747    02020004
14           14      280.0   755.241513  ...   0.061436        0.021443    02020004
15           15      300.0   762.320678  ...   0.061297        0.021928    02020004
16           16      320.0   766.628409  ...   0.062801        0.021464    02020004
17           17      340.0   759.305099  ...   0.059857        0.022574    02020004
18           18      360.0   758.634230  ...   0.066537        0.023522    02020004
19           19      380.0   758.481607  ...   0.057945        0.022407    02020004
20           20      400.0   761.203695  ...   0.063586        0.021064    02020004
21           21      420.0   742.264143  ...   0.064404        0.021906    02020004
22           22      440.0   764.622637  ...   0.063320        0.018316    02020004
23           23      460.0   744.016935  ...   0.067752        0.023116    02020004
24           24      480.0   748.146913  ...   0.068301        0.023515    02020004
25           25      500.0   757.661275  ...   0.060680        0.022948    02020004
26           26      520.0   757.190888  ...   0.057198        0.021912    02020004
27           27      540.0   769.346878  ...   0.060699        0.026524    02020004
28           28      560.0   757.486538  ...   0.058956        0.023723    02020004
29           29      580.0   757.926712  ...   0.055589        0.020314    02020004
30           30      600.0   754.272952  ...   0.054125        0.023814    02020004
31           31      620.0   753.681538  ...   0.066898        0.024631    02020004
32           32      640.0   753.468206  ...   0.063614        0.024055    02020004
33           33      660.0   758.725759  ...   0.054611        0.021917    02020004

[34 rows x 11 columns],     block_index  t_start_s   rms_counts  ...  prof_beta  prof_gamma_low  subject_id
0             0        0.0  2439.140790  ...   0.062899        0.021951    02020007
1             1       20.0  1801.770563  ...   0.059128        0.025118    02020007
2             2       40.0  1381.580959  ...   0.057624        0.021706    02020007
3             3       60.0  1119.435063  ...   0.055553        0.022297    02020007
4             4       80.0   988.730311  ...   0.060219        0.024957    02020007
5             5      100.0   889.346220  ...   0.059635        0.020797    02020007
6             6      120.0   840.740786  ...   0.059889        0.022338    02020007
7             7      140.0   817.844032  ...   0.061042        0.020847    02020007
8             8      160.0   787.144580  ...   0.062616        0.020309    02020007
9             9      180.0   780.615246  ...   0.066090        0.022809    02020007
10           10      200.0   766.329037  ...   0.060219        0.024046    02020007
11           11      220.0   762.897943  ...   0.060301        0.019527    02020007
12           12      240.0   753.131932  ...   0.062174        0.019016    02020007
13           13      260.0   756.613743  ...   0.062569        0.021666    02020007
14           14      280.0   758.736759  ...   0.056426        0.021774    02020007
15           15      300.0   746.677962  ...   0.067208        0.024339    02020007
16           16      320.0   755.916844  ...   0.056059        0.022613    02020007
17           17      340.0   750.809940  ...   0.070997        0.020295    02020007
18           18      360.0   748.756099  ...   0.061781        0.018710    02020007
19           19      380.0   754.713915  ...   0.059358        0.023020    02020007
20           20      400.0   744.875013  ...   0.060870        0.022499    02020007
21           21      420.0   754.113483  ...   0.061632        0.020179    02020007
22           22      440.0   745.011694  ...   0.065694        0.021720    02020007
23           23      460.0   760.259088  ...   0.061264        0.019792    02020007
24           24      480.0   755.707967  ...   0.059280        0.024447    02020007
25           25      500.0   756.860946  ...   0.061089        0.024776    02020007
26           26      520.0   755.743303  ...   0.059956        0.023169    02020007
27           27      540.0   771.689006  ...   0.057706        0.021240    02020007
28           28      560.0   756.098926  ...   0.055024        0.021057    02020007
29           29      580.0   762.650873  ...   0.064532        0.023300    02020007
30           30      600.0   766.740989  ...   0.055598        0.021279    02020007
31           31      620.0   774.094997  ...   0.055106        0.021802    02020007
32           32      640.0   761.248356  ...   0.059049        0.020691    02020007
33           33      660.0   758.219706  ...   0.058467        0.021809    02020007

[34 rows x 11 columns],    block_index  t_start_s   rms_counts  ...  prof_beta  prof_gamma_low  subject_id
0            0        0.0  2501.487390  ...   0.060816        0.025046    02020018
1            1       20.0  1809.580369  ...   0.053748        0.025141    02020018
2            2       40.0  1362.534908  ...   0.062065        0.022113    02020018

[3 rows x 11 columns]]]
['qc_rows - depois do for', []]
Empty DataFrame
Columns: []
Index: []
Empty DataFrame
Columns: []
Index: []
Empty DataFrame
Columns: []
Index: []
Empty DataFrame
Columns: [qc_reasons, qc_pass]
Index: []
[1, Empty DataFrame
Columns: [qc_reasons, qc_pass]
Index: []]
